100.000000
0.987935
0.170432
0.257792
0.396799
0.073995
0.684096
0.402388
0.982835
0.402184
0.620672
0.154370
0.381345
0.161134
0.758112
0.871111
0.350777
0.685536
0.294149
0.530629
0.832423
0.597490
0.335311
0.299225
0.452593
0.422646
0.359606
0.558319
0.742545
0.424335
0.429356
0.124873
0.024434
0.290185
0.317521
0.653690
0.956936
0.935731
0.457886
0.240478
0.763898
0.759327
0.740648
0.743688
0.105920
0.681560
0.463261
0.212163
0.098519
0.823574
0.175010
0.163570
0.665987
0.894389
0.516558
0.702702
0.153590
0.953457
0.540884
0.679734
0.036563
0.809204
0.748619
0.120187
0.525045
0.325834
0.546449
0.398881
0.415093
0.180738
0.255387
0.020536
0.923676
0.653700
0.932614
0.163512
0.921097
0.794658
0.577394
0.440036
0.257614
0.751946
0.228669
0.064187
0.767330
0.671202
0.715213
0.642061
0.419048
0.390762
0.816140
0.317428
0.814540
0.789074
0.852264
0.505637
0.635661
0.950894
0.443964
0.060019
0.866750
0.631189
0.355074
0.997003
0.224171
0.652451
0.604991
0.387245
0.142187
0.025135
0.421112
0.184100
0.725775
0.370363
0.841560
0.734230
0.571026
0.176855
0.957384
0.265322
0.924581
0.223770
0.373564
0.087500
0.640117
0.180617
0.045051
0.723173
0.347438
0.660617
0.383869
0.627347
0.021650
0.910570
0.800559
0.745847
0.813113
0.383306
0.617279
0.575495
0.530052
0.275070
0.248629
0.451639
0.227713
0.804450
0.986104
0.029992
0.535664
0.087077
0.802091
0.989145
0.066946
0.939398
0.018178
0.683839
0.783736
0.534138
0.885359
0.899005
0.625938
0.137869
0.217802
0.182141
0.041820
0.106942
0.616443
0.939661
0.354456
0.410629
0.984349
0.945579
0.676645
0.988302
0.766831
0.336699
0.662382
0.244165
0.295507
0.680178
0.527847
0.411594
0.602638
0.750520
0.583533
0.551793
0.583571
0.511820
0.082593
0.719570
0.996156
0.354534
0.971259
0.346449
0.886544
0.454695
0.413427
0.217732
0.125655
0.308915
0.726104
3.000000
2.000000
-4.000000
4.000000
5.000000
3.000000
-4.000000
-1.000000
3.000000
3.000000
-2.000000
-2.000000
2.000000
0.000000
2.000000
-2.000000
-3.000000
4.000000
3.000000
5.000000
-3.000000
-3.000000
-4.000000
0.000000
-3.000000
4.000000
-4.000000
-4.000000
1.000000
3.000000
-1.000000
-3.000000
-1.000000
-2.000000
1.000000
5.000000
2.000000
-3.000000
-1.000000
-4.000000
1.000000
0.000000
5.000000
4.000000
0.000000
4.000000
-3.000000
-1.000000
5.000000
5.000000
3.000000
2.000000
-1.000000
5.000000
-3.000000
3.000000
2.000000
4.000000
-1.000000
3.000000
4.000000
-1.000000
1.000000
5.000000
1.000000
-1.000000
2.000000
-1.000000
3.000000
0.000000
0.000000
2.000000
5.000000
-1.000000
4.000000
3.000000
5.000000
-4.000000
-1.000000
2.000000
-2.000000
-2.000000
3.000000
2.000000
1.000000
2.000000
-4.000000
-1.000000
0.000000
-2.000000
3.000000
4.000000
-2.000000
3.000000
-3.000000
4.000000
-3.000000
1.000000
-1.000000
4.000000
1.000000
1.000000
